20
103 36 256 442 86 306 23 443 58 88 402 250 367 485 414 198 5 144 322 500
305 253 189 298 73 396 382 315 294 294 116 41 487 309 332 459 258 436 423 258
358 367 136 54 490 459 423 412 188 477 325 192 442 410 119 333 282 285 480 245
64 296 193 161 501 256 93 56 256 338 6 385 250 338 312 41 283 454 321 438
382 157 178 472 230 87 48 156 391 177 230 138 94 61 140 428 225 232 137 177
427 98 224 121 495 226 8 12 14 479 183 475 183 160 27 189 46 145 304 274
398 410 358 291 285 276 220 311 447 58 438 76 230 249 325 448 319 298 62 183
290 470 38 253 259 447 336 240 159 202 64 295 246 422 138 198 351 363 472 418
307 250 122 333 273 164 178 377 361 87 149 313 5 45 466 224 77 309 286 229
156 308 137 154 419 412 347 19 81 158 414 357 51 20 309 436 57 137 383 225
291 416 324 109 307 400 373 47 458 307 218 1 69 96 361 366 338 298 93 405
436 262 404 332 79 380 8 255 7 341 148 275 159 150 259 462 489 127 474 245
207 43 317 292 290 429 257 488 437 209 119 272 360 280 456 492 9 264 234 259
382 327 202 215 359 277 405 131 444 252 362 148 372 309 472 316 495 394 204 78
152 31 484 499 351 119 162 255 214 422 293 159 212 344 293 458 187 394 271 237
429 106 93 499 126 371 268 335 388 282 333 479 173 278 149 146 316 141 42 167
97 210 398 138 257 182 92 465 26 105 301 316 137 431 113 327 34 190 157 62
355 490 13 91 380 451 271 257 234 30 459 79 247 153 207 401 138 5 105 304
223 261 259 164 226 450 500 234 323 311 162 142 109 230 9 394 427 253 158 35
440 69 398 374 95 183 364 8 393 54 34 342 119 48 162 50 218 389 456 320
